baseMean	log2FoldChange	lfcSE	stat	pvalue	padj
Vcabro1a015173	1.80015338641244	-2.40985227772919	1.3528363895257	-1.78133312822408	0.0748580455813219	0.292924882805984
Vcabro1a000857	16.5301824326306	-2.06477322546659	0.399794324630919	-5.1645886353508	2.4096827252136e-07	1.78580999038086e-05
Vcabro1a000855	1.94360209743328	-2.49760209598447	1.1758567792074	-2.12406998892162	0.0336642915745596	0.183642639047216
Vcabro1a000852	4.59111504127915	-3.90492225583121	0.983411081728055	-3.97079342340688	7.16336717757965e-05	0.00206311764635789
Vcabro1a000853	5.71447307126909	-2.28373809710743	0.681232159564055	-3.35236389686723	0.000801246267004531	0.0134507557032777
Vcabro1a016506	1834.03736260529	-2.18960028233533	0.887845494582895	-2.46619518339054	0.0136556900101762	0.103280184432907
Vcabro1a001103	13.1872046175085	-2.17927904874573	0.565337107911714	-3.85483107025421	0.000115809567855732	0.00299457940761857
Vcabro1a000370	18.6041768324994	-4.96636376417214	0.811104888176525	-6.12296120584011	9.1852064656775e-10	1.2750616706369e-07
Vcabro1a009346	61.3030531192591	-2.18253438652292	0.271525925926029	-8.03803312364913	9.12919556922516e-16	3.08211785967674e-13
Vcabro1a001617	1.71399058213089	-2.93507741916161	1.57725628938519	-1.86087539413502	0.0627617753010348	0.264672559089683
Vcabro1a012190	10.5296329330648	-6.92352727989751	1.19677677712837	-5.78514507651985	7.24497758189362e-09	8.22948201218085e-07
Vcabro1a005496	2.14980482895522	-2.20105209161639	1.07705903332494	-2.04357609333783	0.0409954430154803	0.2063182668365
Vcabro1a005481	1.73716272536601	-2.22491096772778	1.35483377755255	-1.6422021687022	0.100548113411366	0.346018694002291
Vcabro1a005480	15.8641130878987	-2.9348135576884	0.519868394728478	-5.64530097895492	1.6489252155195e-08	1.77354310348885e-06
Vcabro1a005479	6.19675019717558	-3.01205657200792	0.729536878245499	-4.12872421097035	3.64781622503466e-05	0.00121135405461943
Vcabro1a008144	5.08951026237636	-5.87252330691646	1.22145933799934	-4.80779271501186	1.52605876481768e-06	8.43078101254274e-05
Vcabro1a000715	26.0849118646963	-2.88391703739494	0.589796154011182	-4.88968437278122	1.0099778685047e-06	5.91511905295014e-05
Vcabro1a004892	35.9753904700092	-3.10589673341248	0.500887499511805	-6.20078707581978	5.61814798241253e-10	8.22686392508938e-08
Vcabro1a004872	125.904935648658	-5.73030830752048	0.901842935423859	-6.3539981103553	2.09789412285823e-10	3.35497436437091e-08
Vcabro1a001745	2.11427012163313	-2.57285310360405	1.33847612043836	-1.92222562981655	0.0545773731875274	0.245370239957956
Vcabro1a001733	5.37777042509998	-3.6948681956155	1.14484298569912	-3.22740169767399	0.00124919955435224	0.0190499013595948
Vcabro1a001779	14.7466872870835	-2.05039187388575	0.811811511554339	-2.52569943232261	0.0115468223050421	0.0915906675650168
Vcabro1a005319	2.2494540473952	-2.25928315434486	1.12718020079064	-2.00436731656583	0.0450307277057165	0.219888896960739
Vcabro1a000458	2.54584149196107	-2.10013819694224	1.4469126554748	-1.45146162693081	0.146651360033211	0.422796903537711
Vcabro1a009459	3.77181435751007	-2.73943173509183	0.915999870033111	-2.99064642333716	0.0027838762726317	0.0341240619314083
Vcabro1a015496	9.50758136244621	-3.13295081292011	0.759110315572278	-4.12713507991027	3.67310654177578e-05	0.00121642879860335
Vcabro1a009038	30.1051773440225	-8.44091048941003	0.980434664816419	-8.60935541379551	7.34725272404315e-18	2.97661698693402e-15
Vcabro1a001031	2024.12221193291	-2.12008731462941	0.256525197625625	-8.26463573267948	1.40121949547074e-16	5.00894757292689e-14
Vcabro1a008068	6.40987094981574	-6.20781553266472	1.21508350133747	-5.10896208024523	3.23933351041838e-07	2.32963665595414e-05
Vcabro1a008080	8.63900516914207	-4.46875908462734	1.09145988216145	-4.09429531736678	4.23454304556369e-05	0.00135438516252055
Vcabro1a008070	195.522455811389	-2.04816129839576	0.594423684357251	-3.44562532128986	0.000569739717670312	0.0102586911534296
Vcabro1a005359	1080.52758334364	-4.31074402079442	0.542283005713772	-7.94925154462561	1.87641702024924e-15	6.00157170108138e-13
Vcabro1a011916	1.99585244855033	-2.53504386769156	1.36047028690327	-1.86335849602558	0.0624118452281992	0.264212318670684
Vcabro1a003792	7.23045204192135	-2.38636925890743	0.952622049953038	-2.50505356140462	0.0122432851302041	0.0956329611005786
Vcabro1a001880	5.4322568847166	-2.35487644933382	0.766613616743426	-3.07179053163357	0.00212778983919644	0.0282327049187702
Vcabro1a001838	2.69768288646121	-4.30919612245048	1.1711944395355	-3.67931743610355	0.000233859031462591	0.00517727262002974
Vcabro1a011782	59.9541565337985	-3.95978491565654	0.870202396247439	-4.55041830812265	5.35393707679883e-06	0.000239234379527254
Vcabro1a000072	2.50592688278612	-2.97164314261884	1.56200822136426	-1.90245038532729	0.0571122993001737	0.251592202136394
Vcabro1a012608	1.69340071470247	-2.20731112457314	1.48229103606668	-1.48912127973891	0.136455435170517	0.407398967318217
Vcabro1a002780	4.2005014897153	-2.35174627251881	0.745661117713646	-3.15390760849883	0.00161100079509518	0.0231170055060056
Vcabro1a000565	1.9432383379783	-3.13347272862421	1.23259492968362	-2.54217557866194	0.0110164818028171	0.0887304969061892
Vcabro1a014012	3.28224947567386	-4.61510348860277	1.40017420129075	-3.29609236075649	0.000980397780402878	0.0157615801891754
Vcabro1a014693	749.204733239259	-2.01733050756759	0.16526037107287	-12.2069828021751	2.85273215851078e-34	2.88934222121167e-31
Vcabro1a013730	2.16473239108589	-2.18051214740957	1.0028613540963	-2.17429073171783	0.0296833080305857	0.169455578113546
Vcabro1a004115	2.13982384558885	-2.15346862284535	1.07197695094439	-2.00887586337392	0.044550300234268	0.218685116739617
Vcabro1a015169	2.25737039589625	-2.72617509477106	1.40024130700212	-1.94693234740213	0.051542845951163	0.237112698595926
Vcabro1a008853	7.15556974646035	-2.67923088045872	0.70397365766294	-3.80586809079372	0.000141307684244979	0.00350591648420024
Vcabro1a014475	3.20012802424059	-2.16923082804533	0.888320282137146	-2.44194675238815	0.0146083010938706	0.107540455175593
Vcabro1a010771	59.5310741987334	-2.35686542237019	0.384973344544758	-6.12215223668861	9.23197523581105e-10	1.2750616706369e-07
Vcabro1a010451	12.0151956334873	-5.36593255467775	0.994158864804011	-5.39745984736111	6.75909937291485e-08	5.82624778570263e-06
Vcabro1a010444	134.645581592355	-2.12120866487634	1.00195124441808	-2.11707772877543	0.0342532515031625	0.185137052651932
Vcabro1a013723	7.07820804383578	-2.50064489976498	0.823016713979373	-3.03838896256929	0.00237846739213885	0.0304772207901811
Vcabro1a015268	1.80293652772356	-3.01199110283121	1.25985082750993	-2.39075217244914	0.0168138981077127	0.118536031091149
Vcabro1a001477	6.02163968367942	-2.15357440830725	0.921756890661489	-2.33638004784728	0.0194714428819443	0.130102208239225
Vcabro1a014235	46.5701917274801	-2.13733176771011	0.398961141602536	-5.35724296136947	8.45014565872449e-08	7.08297036800948e-06
Vcabro1a000625	2.3542682741804	-2.3216960463075	1.08923938070189	-2.13148375595034	0.0330493092810532	0.181835531383381
Vcabro1a010515	1.66085522654299	-2.17680673358912	1.37425993739491	-1.5839847137766	0.113197197749085	0.370324543184914
Vcabro1a005416	1.99400548684113	-2.47460906797084	1.20662001861966	-2.05086027894823	0.040280555310883	0.203987445520196
Vcabro1a003902	6.02853307092209	-2.02645545325496	0.627318262586598	-3.23034665832834	0.00123640207071675	0.018902177066027
Vcabro1a012926	2.57350925244173	-2.06737190572619	0.920658380622494	-2.24553640007965	0.0247337181892777	0.151434451991046
Vcabro1a006163	2.35643863615649	-2.37728568986273	1.27516626498254	-1.86429468465846	0.0622803328543001	0.263931368727742
Vcabro1a001474	170.10911407604	-2.19366831625332	0.595703546085065	-3.6824832262121	0.000230973069712812	0.00514147745291121
Vcabro1a006002	62.0057658698192	-4.84934818322037	0.466657218738472	-10.3916707778136	2.70571282444062e-25	1.93442550989714e-22
Vcabro1a012518	533.044558589617	-2.23317746673435	1.20253770103265	-1.85705401570084	0.063303469556333	0.265759907188426
Vcabro1a012522	89.1236931636697	-2.26267696425238	1.16964453932581	-1.93449966051789	0.0530517237626668	0.241180184925874
Vcabro1a016319	12.5159791502531	-2.11011783608664	0.706018924334103	-2.98875534827461	0.00280116327480093	0.0342164205446538
Vcabro1a004515	56.5644979348896	-2.97157683601035	0.318883574602535	-9.31868892812746	1.17786713513464e-20	6.22425963496802e-18
Vcabro1a012212	200.80295361434	-2.59231547451344	0.222757571737032	-11.6373843290665	2.66050098426761e-31	2.1557152641859e-28
Vcabro1a013309	2.57081137378202	-3.59121931847917	1.2097568399738	-2.96854640520731	0.00299211919009327	0.0357767020067683
Vcabro1a016061	153.31576384261	-2.70895439188945	0.639277614750905	-4.2375242451513	2.25998021425084e-05	0.000803152032865636
Vcabro1a000228	2.47517413088945	-2.40508980879756	1.00010948061079	-2.40482652692055	0.0161801443069402	0.115678514062677
Vcabro1a006561	20.6682678776775	-2.12216270485745	0.592693135126409	-3.58054206989395	0.00034288212862172	0.00700161881414935
Vcabro1a010742	1497.70332624771	-3.24310666440656	0.223793119139552	-14.4915387786532	1.37038070105646e-47	2.77593450677336e-44
Vcabro1a005011	3.18503790671147	-2.78577072664179	1.13012437990808	-2.46501250319755	0.0137008470540945	0.10349938261594
Vcabro1a013511	82.7177097746646	-2.23989963117433	0.350581536521456	-6.38909753605134	1.66867604133152e-10	2.77823131593743e-08
Vcabro1a009645	158.710437924777	-3.30857590880824	0.357199267694543	-9.26254952918199	1.99607977983104e-20	1.01084806850277e-17
