baseMean	log2FoldChange	lfcSE	stat	pvalue	padj
Vcabro1a007554	6.11802098284758	2.23314964180706	1.15521347580836	1.933105602187	0.0532231901054535	0.24146123648439
Vcabro1a015407	198.090251439887	2.10250195487775	0.199403883513677	10.5439368473159	5.41821770124907e-26	4.11581362131133e-23
Vcabro1a001088	3.02417880442468	2.82098325349669	1.09523392787628	2.57569016234434	0.0100040246132876	0.0829899998314495
Vcabro1a010577	11.0880816384261	4.83826943217854	0.951533565243425	5.08470705491172	3.68193907474949e-07	2.59523236139254e-05
Vcabro1a010575	23.7206957675068	7.99554071762986	1.11831870421556	7.14960832497055	8.70258506889213e-13	2.03406190244836e-10
Vcabro1a005174	290.255619984364	3.11312242511498	1.56791424479932	1.98551829951225	0.0470868362103239	0.225346115833931
Vcabro1a005171	751.451022113943	3.58387843743244	1.81870782949383	1.97056304443902	0.0487738771790447	0.229573808711065
Vcabro1a005175	74.9276365119705	4.0223920531025	2.19573898313635	1.83190811111665	0.0669651119142876	0.273946136050573
Vcabro1a005168	10.4321021255403	4.77894701752925	1.95533292049763	2.44405797469671	0.0145230925552113	0.107109291272035
Vcabro1a004852	30.1742881259759	2.02600911327078	0.326123899207751	6.21239080666134	5.21844425061274e-10	7.7347526124326e-08
Vcabro1a009216	61.832620219428	4.49690848553957	0.471866378562853	9.53004640685705	1.5721293565082e-21	8.68530009045485e-19
Vcabro1a007827	1522.56538598994	2.86818374913328	0.173639581564713	16.5180296064256	2.72144694131949e-61	3.3076466124797e-57
Vcabro1a012675	40.3934215831074	3.69409781022812	1.37015953584973	2.69610779881712	0.00701549589300392	0.0662677397782772
Vcabro1a009591	47.6717266876632	2.73858346244551	1.30299224648946	2.10176497198953	0.035573868951396	0.189835903012801
Vcabro1a013357	2385.35229756798	2.82475308545757	0.508069368885984	5.55977836579925	2.70117450850014e-08	2.62640599810485e-06
Vcabro1a001962	8.38608045950879	3.11896752106764	0.663585671617092	4.70017309666592	2.59941061362175e-06	0.000130550564454375
Vcabro1a015226	4.81169634946194	2.80009739390579	0.804395217299069	3.48099706921148	0.000499550957341965	0.00942786076946311
Vcabro1a007946	2.13241982976339	3.72586754625502	1.34948360887848	2.76095798551529	0.00576320899259825	0.0571804425273789
Vcabro1a014440	4.32959638746532	2.28171389353433	0.920195471866173	2.47959695879287	0.0131530964018435	0.100923442972226
Vcabro1a013528	4.10083524615214	2.15820833973123	1.13115443514264	1.90796965708672	0.0563951381469509	0.250188687939393
Vcabro1a007778	45.2564667317539	2.1975640382364	0.987745428068087	2.22482835737805	0.0260927629517081	0.157073521998544
Vcabro1a016570	6.36010581413243	2.73621788261485	1.20465968327227	2.27136171369357	0.0231250901259139	0.145325265015416
Vcabro1a013628	1533.91637170043	2.60857020980394	0.200548411492468	13.0071846014194	1.1137012818008e-38	1.3535925379007e-35
Vcabro1a010543	143.646496512469	2.54976290096502	0.35954831514987	7.09157237992398	1.3259669692004e-12	2.98440787845585e-10
Vcabro1a015576	222.365056360629	3.18449569741037	0.610531099313901	5.21594346461469	1.8288395417022e-07	1.38923223686554e-05
Vcabro1a006401	6063.20755174139	2.20454156845869	0.162144360265257	13.5961655703116	4.21984033099042e-42	6.4109924228572e-39
Vcabro1a005611	1.99824962830896	4.42881722449846	1.28424241031088	3.44858352982313	0.00056353514037007	0.0101771264428794
Vcabro1a000583	18.9524508437151	2.4891090159037	0.919235872138842	2.70780230770601	0.00677303542467387	0.0647165664712942
Vcabro1a000580	4.80683770278296	2.50033088576919	1.08874161667415	2.29653284808484	0.0216454332235009	0.1392687111691
Vcabro1a007883	5.43302583677715	2.45130321797526	0.725775350586401	3.37749582704165	0.000731490629821363	0.0124792645674598
Vcabro1a009298	3.02397369943285	2.04439540983189	1.29562778144977	1.57791878122919	0.114584269708912	0.372352998934469
Vcabro1a010041	999.858201653244	2.24656944732839	0.243836986838344	9.21340718837618	3.15933860402394e-20	1.53594405573228e-17
Vcabro1a009589	53.9968805499364	2.26935683212678	0.504260616101565	4.50036500901292	6.78368740827186e-06	0.000295515902366079
Vcabro1a004119	45.8049103377554	5.17892621027384	0.90574033270012	5.71789289192284	1.07853087193442e-08	1.19167856522644e-06
Vcabro1a001693	6.86551064819823	2.52213001060837	0.753586849131633	3.34683389647079	0.000817401733116531	0.0136465668465636
Vcabro1a011390	2.43874567879727	2.01939249234157	1.02955334577927	1.96142579752689	0.0498293730850732	0.23212962839248
Vcabro1a007321	3.85905334569747	2.76600843774542	0.99314964542233	2.78508727309588	0.00535133176824322	0.0541500894172445
Vcabro1a005841	8.55489003094021	3.12878333668204	0.762883425798132	4.10126007575625	4.10906410729229e-05	0.00132470995119444
Vcabro1a012346	1.82430580078376	2.02777027161868	1.317764087964	1.53879612454129	0.123854076296613	0.387895710142053
Vcabro1a010643	253.038254698529	2.35235840030424	0.146779003963636	16.0265319751525	8.34096342291684e-58	5.06880347210656e-54
Vcabro1a013126	2.10523011755374	2.18889168566512	1.28106961798468	1.7086438199265	0.0875169464554141	0.320192946182752
Vcabro1a003098	2.02931505846461	3.64760401814413	1.50206490773838	2.42839307366299	0.0151658963836088	0.110308979441281
Vcabro1a006746	89.2031119058671	2.05831821716128	0.433070737218877	4.75284529815967	2.00573816740485e-06	0.000104625500801024
Vcabro1a006755	118.842513338071	2.26706182262337	0.430434139991931	5.26691916832125	1.38732254703507e-07	1.09490378160157e-05
Vcabro1a012432	5.01868245796279	2.86232855827011	0.932879260240629	3.06827333424884	0.00215299590593961	0.0284120654080239
Vcabro1a002317	3161.43663324972	2.79236192075576	0.192862073905325	14.4785434700164	1.65568523787428e-47	2.87474262587485e-44
Vcabro1a002324	3633.44474210424	2.28800408878903	0.189512618439971	12.0730962804662	1.46515867983786e-33	1.36981066113457e-30
Vcabro1a013280	1199.52227918182	2.91822311293546	0.190844604947806	15.291095673014	8.76627885648544e-53	2.6636338305431e-49
Vcabro1a012938	500.618312934518	3.18519711008372	0.259803673369692	12.2600156832705	1.4847115385023e-34	1.64047127626882e-31
Vcabro1a011110	410.058880260871	4.30091049290172	0.273268301290165	15.7387829931101	8.20057149526657e-56	3.32232486511566e-52
Vcabro1a012674	2.3308803383777	3.08943388519391	1.25352523737952	2.46459647805125	0.0137167630367329	0.103548781334442
Vcabro1a007969	221.253669181686	2.2792129195453	0.602038522223413	3.78582571614828	0.000153199022305132	0.00372396183419316
Vcabro1a013669	470.983614662	3.38228874252062	0.224821871029263	15.0443047512952	3.76265804259037e-51	9.14626916992868e-48
Vcabro1a007040	977.637873212799	2.32510403632384	0.86397837066829	2.69116000499568	0.00712040352766349	0.0667323673959777
Vcabro1a007041	1806.49004767637	3.42226244441257	0.343694038679216	9.95729357880052	2.34355570792157e-23	1.49913558284625e-20
Vcabro1a000324	1.99252343755668	2.10061501753314	1.18893821641909	1.76679913936983	0.077261872912462	0.298386511471155
Vcabro1a001366	1.856921815436	3.52217558132472	1.37833314545317	2.55538771083292	0.0106069578161376	0.0863932017028824
Vcabro1a015139	38.5181613570209	2.17686565331283	0.488255003299755	4.45846051469212	8.25503994756749e-06	0.000350810333995578
Vcabro1a000084	1.94074902118846	2.09827663147206	1.18334381437905	1.77317581414251	0.0761995784107273	0.295982638543937
Vcabro1a007036	11.7283757709365	3.41976162095944	0.77394947959604	4.41858507708329	9.93491714781975e-06	0.0004085187572179
Vcabro1a010747	876.96934657758	2.29766540611976	0.190705701535332	12.0482260762093	1.98168863322811e-33	1.72038883201818e-30
Vcabro1a011024	2.36780725636528	3.88923399019383	1.97641201656463	1.96782551289788	0.0490881176073964	0.230443021012088
Vcabro1a001976	2.79969822803264	3.36152227175542	1.16568761301221	2.88372479404584	0.00393002040527783	0.0433443448328011
Vcabro1a016560	1.91027111318511	3.55321677871978	1.32724574949199	2.67713554937343	0.0074254587340354	0.0684908013845959
